Sr.,Ref.,C (%),H (%),O (%),N (%),S(%),Ash (%),BTW(ratio),Particle size(mm),Temp. C,P (MPa),Res- Time (min),H2 mol/kg,CO2 mol/kg,CO mol/kg,CH4 mol/kg,Unnamed: 17
1,[1],41.98,5.05,47.46,0.46,0.45,4.6,5.0,0.8,300,23.5,45,0.99,3.71,0.06,0.27,Hydrothermal gasification of soybean straw and flax straw for hydrogen-rich syngas production: Experimental and thermodynamic modeling
2,[1],41.98,5.05,47.46,0.46,0.45,4.6,5.0,0.8,400,23.5,45,2.33,3.43,0.04,0.97,
3,[1],41.98,5.05,47.46,0.46,0.45,4.6,5.0,0.8,500,23.5,45,3.37,4.58,0.02,1.71,
4,[1],41.98,5.05,47.46,0.46,0.45,4.6,5.0,0.8,500,23.5,45,3.38,4.62,0.03,1.72,
5,[1],41.98,5.05,47.46,0.46,0.45,4.6,10.0,0.8,500,23.5,45,3.84,5.28,0.0,3.21,
6,[1],41.98,5.05,47.46,0.46,0.45,4.6,10.0,0.13,500,23.5,45,6.57,5.43,0.21,2.17,
7,[1],41.98,5.05,47.46,0.46,0.45,4.6,10.0,0.13,500,23.5,15,3.42,4.51,0.0,1.28,
8,[1],41.98,5.05,47.46,0.46,0.45,4.6,10.0,0.13,500,23.5,30,3.85,5.25,0.0,2.04,
9,[1],41.98,5.05,47.46,0.46,0.45,4.6,10.0,0.13,500,23.5,60,4.85,5.41,0.0,2.74,
10,[1],47.78,5.37,43.22,0.84,0.21,2.6,10.0,0.13,500,23.5,45,3.81,5.55,0.11,2.43,
11,[2],47.4,6.8,40.4,1.4,0.1,4.1,4.0,0.5,450,24.5,45,1.05,3.29,0.57,0.44,Supercritical water gasification of timothy grass as an energy crop in the presence of alkali carbonate and hydroxide catalysts
12,[2],47.4,6.8,40.4,1.4,0.1,4.1,4.0,0.5,650,24.5,15,1.78,4.96,0.42,2.97,
13,[2],47.4,6.8,40.4,1.4,0.1,4.1,4.0,0.5,650,24.5,30,2.56,5.8,0.33,2.72,
14,[2],47.4,6.8,40.4,1.4,0.1,4.1,4.0,0.5,550,24.5,45,1.78,4.65,0.36,1.71,
15,[2],47.4,6.8,40.4,1.4,0.1,4.1,4.0,0.5,650,24.5,45,4.11,6.3,0.29,3.09,
16,[2],47.4,6.8,40.4,1.4,0.1,4.1,8.0,0.5,450,24.5,45,1.14,4.47,0.57,0.6,
17,[2],47.4,6.8,40.4,1.4,0.1,4.1,8.0,0.5,550,24.5,45,2.53,5.36,0.44,2.42,
18,[2],47.4,6.8,40.4,1.4,0.1,4.1,8.0,0.5,650,24.5,45,5.16,7.76,0.26,3.48,
19,[2],47.4,6.8,40.4,1.4,0.1,4.1,8.0,0.5,650,24.5,15,2.69,5.47,0.43,3.0,
20,[2],47.4,6.8,40.4,1.4,0.1,4.1,8.0,0.5,650,24.5,30,3.03,6.21,0.44,3.06,
21,[3],45.9,6.4,35.7,1.0,0.1,16.7,5.0,0.5,400,24.5,45,0.27,2.82,1.41,0.15,Valorization of horse manure through catalytic supercritical water gasification
22,[3],45.9,6.4,35.7,1.0,0.1,16.7,5.0,0.5,500,24.5,45,0.91,3.51,0.91,1.04,
23,[3],45.9,6.4,35.7,1.0,0.1,16.7,5.0,0.5,600,24.5,45,1.88,3.67,0.66,1.45,
24,[3],45.9,6.4,35.7,1.0,0.1,16.7,10.0,0.5,400,24.5,45,0.32,3.68,1.66,0.17,
25,[3],45.9,6.4,35.7,1.0,0.1,16.7,10.0,0.5,500,24.5,45,1.14,3.93,1.38,1.06,
26,[3],45.9,6.4,35.7,1.0,0.1,16.7,10.0,0.5,600,24.5,45,2.58,4.25,0.75,2.04,
27,[3],45.9,6.4,35.7,1.0,0.1,16.7,5.0,0.5,600,24.5,15,1.16,2.75,1.03,1.22,
28,[3],45.9,6.4,35.7,1.0,0.1,16.7,5.0,0.5,600,24.5,30,1.38,2.92,0.87,1.33,
29,[3],45.9,6.4,35.7,1.0,0.1,16.7,10.0,0.5,600,24.5,15,1.78,3.79,0.9,1.5,
30,[3],45.9,6.4,35.7,1.0,0.1,16.7,10.0,0.5,600,24.5,30,2.07,3.98,0.86,1.76,
31,[4],49.85,6.08,41.2,0.84,0.35,1.68,100.0,0.15,380,23.5,10,4.04,7.04,1.91,2.8,Hydrogen production via supercritical water gasification of almond shell over algal and agricultural hydrochars as catalysts
32,[4],49.85,6.08,41.2,0.84,0.35,1.68,100.0,0.15,400,25.0,10,4.58,7.96,2.18,2.53,
33,[4],49.85,6.08,41.2,0.84,0.35,1.68,100.0,0.15,420,25.5,10,5.47,9.18,2.44,2.08,
34,[4],49.85,6.08,41.2,0.84,0.35,1.68,100.0,0.15,440,26.4,10,6.54,11.09,2.68,1.44,
35,[4],49.85,6.08,41.2,0.84,0.35,1.68,100.0,0.15,460,26.8,10,7.85,11.7,2.9,1.16,
36,[4],49.85,6.08,41.2,0.84,0.35,1.68,50.0,0.15,460,28.8,10,4.35,8.4,2.2,1.61,
37,[4],49.85,6.08,41.2,0.84,0.35,1.68,30.0,0.15,460,29.4,10,3.04,4.87,1.41,2.21,
38,[4],49.85,6.08,41.2,0.84,0.35,1.68,100.0,0.15,460,26.6,5,6.89,9.82,3.07,1.09,
39,[4],49.85,6.08,41.2,0.84,0.35,1.68,100.0,0.15,460,26.9,15,7.5,12.38,2.77,1.57,
40,[4],49.85,6.08,41.2,0.84,0.35,1.68,100.0,0.15,460,26.9,20,6.99,13.4,2.66,2.04,
41,[4],49.85,6.08,41.2,0.84,0.35,1.68,100.0,0.15,460,27.0,25,6.21,14.49,2.41,2.62,
42,[4],49.85,6.08,41.2,0.84,0.35,1.68,100.0,0.15,460,27.0,30,5.88,14.99,2.0,3.0,
43,[5],40.8,6.4,39.5,1.3,2.1,9.9,20.0,0.09,500,23.0,3,0.37,6.1,1.78,0.56,Supercritical water gasification of wheat straw: Composition of reaction products and kinetic study
44,[5],40.8,6.4,39.5,1.3,2.1,9.9,20.0,0.09,550,23.0,3,0.73,6.48,3.1,1.59,
45,[5],40.8,6.4,39.5,1.3,2.1,9.9,20.0,0.09,600,23.0,3,1.58,7.7,4.79,4.78,
46,[5],40.8,6.4,39.5,1.3,2.1,9.9,20.0,0.09,650,23.0,3,2.42,8.07,4.42,5.99,
47,[5],40.8,6.4,39.5,1.3,2.1,9.9,20.0,0.09,700,23.0,3,3.64,9.31,4.59,6.94,
48,[5],40.8,6.4,39.5,1.3,2.1,9.9,20.0,0.09,750,23.0,3,9.18,14.55,2.44,10.24,
49,[6],45.27,5.38,47.84,0.9,0.61,0.0,33.0,0.05,700,23.0,1,3.66,9.85,8.54,6.75,Study on gasification mechanism of biomass waste in supercritical water based on product distribution
50,[6],45.27,5.38,47.84,0.9,0.61,0.0,33.0,0.05,700,23.0,3,13.64,18.18,3.27,9.59,
51,[6],45.27,5.38,47.84,0.9,0.61,0.0,33.0,0.05,700,23.0,5,15.59,22.32,2.32,12.08,
52,[6],45.27,5.38,47.84,0.9,0.61,0.0,33.0,0.05,700,23.0,10,17.15,25.05,2.09,13.37,
53,[6],45.27,5.38,47.84,0.9,0.61,0.0,33.0,0.05,700,23.0,15,18.22,25.44,1.38,14.17,
54,[6],45.27,5.38,47.84,0.9,0.61,0.0,20.0,0.05,500,23.0,3,4.57,14.69,4.25,6.38,
55,[6],45.27,5.38,47.84,0.9,0.61,0.0,20.0,0.05,600,23.0,3,6.14,9.79,3.91,7.56,
56,[6],45.27,5.38,47.84,0.9,0.61,0.0,20.0,0.05,800,23.0,3,25.94,31.21,2.02,15.19,
57,[6],45.27,5.38,47.84,0.9,0.61,0.0,100.0,0.05,700,23.0,3,15.57,21.4,3.91,9.05,
58,[6],45.27,5.38,47.84,0.9,0.61,0.0,20.0,0.05,700,23.0,3,10.36,15.8,3.16,9.87,
59,[6],45.27,5.38,47.84,0.9,0.61,0.0,15.0,0.05,700,23.0,3,5.18,11.75,2.97,8.95,
60,[6],45.27,5.38,47.84,0.9,0.61,0.0,10.0,0.05,700,23.0,3,4.41,10.64,2.89,8.24,
61,[7],42.5,5.7,51.8,0.0,0.0,0.0,10.0,0.01,400,23.5,60,1.18,3.24,0.17,1.79,Optimization and modeling of process parameters during hydrothermal gasification of biomass model compounds to generate hydrogen-rich gas products
62,[7],42.5,5.7,51.8,0.0,0.0,0.0,20.0,0.01,400,23.5,45,0.91,3.24,0.17,1.79,
63,[7],42.5,5.7,51.8,0.0,0.0,0.0,20.0,0.01,500,23.5,60,1.89,3.24,0.17,1.79,
64,[7],42.5,5.7,51.8,0.0,0.0,0.0,20.0,0.01,300,23.5,30,0.69,3.24,0.17,1.79,
65,[7],42.5,5.7,51.8,0.0,0.0,0.0,20.0,0.01,500,23.5,30,1.35,3.24,0.17,1.79,
66,[7],42.5,5.7,51.8,0.0,0.0,0.0,10.0,0.01,300,23.5,45,0.65,3.24,0.17,1.79,
67,[7],42.5,5.7,51.8,0.0,0.0,0.0,30.0,0.01,300,23.5,45,0.53,3.24,0.17,1.79,
68,[7],42.5,5.7,51.8,0.0,0.0,0.0,30.0,0.01,400,23.5,30,0.88,3.24,0.17,1.79,
69,[7],42.5,5.7,51.8,0.0,0.0,0.0,20.0,0.01,400,23.5,45,0.91,3.24,0.17,1.79,
70,[7],42.5,5.7,51.8,0.0,0.0,0.0,20.0,0.01,400,23.5,45,0.91,3.24,0.17,1.79,
71,[7],42.5,5.7,51.8,0.0,0.0,0.0,10.0,0.01,500,23.5,45,1.47,3.24,0.17,1.79,
72,[7],42.5,5.7,51.8,0.0,0.0,0.0,30.0,0.01,500,23.5,45,1.53,3.24,0.17,1.79,
73,[7],42.5,5.7,51.8,0.0,0.0,0.0,20.0,0.01,300,23.5,60,0.73,3.24,0.17,1.79,
74,[7],42.5,5.7,51.8,0.0,0.0,0.0,10.0,0.01,400,23.5,30,0.7,3.24,0.17,1.79,
75,[7],42.5,5.7,51.8,0.0,0.0,0.0,30.0,0.01,400,23.5,60,0.91,3.24,0.17,1.79,
76,[8],47.09,6.16,42.5,0.52,1.08,2.65,15.0,0.15,600,24.5,15,10.59,11.26,1.18,2.74,Assessment of sugarcane bagasse gasification in supercritical water for hydrogen production
77,[8],47.09,6.16,42.5,0.52,1.08,2.65,15.0,0.15,650,24.5,15,16.76,15.93,1.77,4.02,
78,[8],47.09,6.16,42.5,0.52,1.08,2.65,15.0,0.15,700,24.5,15,25.13,20.27,2.57,4.83,
79,[8],47.09,6.16,42.5,0.52,1.08,2.65,15.0,0.15,750,24.5,15,36.39,25.26,2.9,5.79,
80,[8],47.09,6.16,42.5,0.52,1.08,2.65,33.0,0.15,650,24.5,15,22.63,19.0,2.44,4.33,
81,[8],47.09,6.16,42.5,0.52,1.08,2.65,10.0,0.15,650,24.5,15,13.55,14.23,1.49,3.52,
82,[8],47.09,6.16,42.5,0.52,1.08,2.65,7.0,0.15,650,24.5,15,10.84,12.46,1.08,3.25,
83,[8],47.09,6.16,42.5,0.52,1.08,2.65,15.0,0.15,700,24.5,5,15.22,16.46,1.46,4.41,
84,[8],47.09,6.16,42.5,0.52,1.08,2.65,15.0,0.15,700,24.5,10,20.43,18.41,1.96,5.06,
85,[8],47.09,6.16,42.5,0.52,1.08,2.65,15.0,0.15,700,24.5,20,28.26,20.87,2.45,5.22,
86,[8],47.09,6.16,42.5,0.52,1.08,2.65,15.0,0.15,600,24.5,5,7.63,9.85,1.03,2.32,
87,[8],47.09,6.16,42.5,0.52,1.08,2.65,15.0,0.15,600,24.5,10,8.91,10.66,1.2,2.56,
88,[8],47.09,6.16,42.5,0.52,1.08,2.65,15.0,0.15,600,24.5,20,11.15,11.44,1.46,2.87,
89,[8],47.09,6.16,42.5,0.52,1.08,2.65,15.0,0.15,650,24.5,5,11.95,13.35,1.33,3.45,
90,[8],47.09,6.16,42.5,0.52,1.08,2.65,15.0,0.15,650,24.5,10,14.31,14.82,1.52,3.72,
91,[8],47.09,6.16,42.5,0.52,1.08,2.65,15.0,0.15,650,24.5,20,18.35,16.25,1.85,3.89,
92,[9],34.4,5.0,18.6,5.2,2.3,34.5,5.0,0.1,380,23.2,20,3.2,6.2,0.88,3.17,Hydrothermal gasification of Cladophora glomerata macroalgae over its hydrochar as a catalyst for hydrogen-rich gas production
93,[9],34.4,5.0,18.6,5.2,2.3,34.5,5.0,0.1,400,24.7,20,3.81,6.71,1.08,2.88,
94,[9],34.4,5.0,18.6,5.2,2.3,34.5,5.0,0.1,420,25.3,20,4.23,7.23,1.12,2.61,
95,[9],34.4,5.0,18.6,5.2,2.3,34.5,5.0,0.1,440,26.1,20,4.82,7.93,1.31,2.34,
96,[9],34.4,5.0,18.6,5.2,2.3,34.5,5.0,0.1,460,26.8,20,5.25,8.22,1.47,2.15,
97,[9],34.4,5.0,18.6,5.2,2.3,34.5,5.0,0.1,460,27.8,20,4.28,5.53,1.2,1.82,
98,[9],34.4,5.0,18.6,5.2,2.3,34.5,5.0,0.1,460,28.4,20,2.07,4.08,1.01,1.65,
99,[9],34.4,5.0,18.6,5.2,2.3,34.5,5.0,0.1,460,26.6,5,4.69,7.45,2.12,1.66,
100,[9],34.4,5.0,18.6,5.2,2.3,34.5,5.0,0.1,460,26.8,10,5.28,7.9,1.87,1.84,
101,[9],34.4,5.0,18.6,5.2,2.3,34.5,5.0,0.1,460,26.9,15,5.7,8.23,1.43,2.05,
102,[9],34.4,5.0,18.6,5.2,2.3,34.5,5.0,0.1,460,27.0,25,5.38,8.73,1.28,2.58,
103,[9],34.4,5.0,18.6,5.2,2.3,34.5,5.0,0.1,460,27.0,30,5.07,9.11,1.07,3.04,
104,[10],35.16,4.06,33.9,0.95,0.48,25.45,6.0,0.15,300,25.0,30,0.1,15.0,0.02,14.63,Hydrogen production from algal biomass via steam gasification
105,[10],35.16,4.06,33.9,0.95,0.48,25.45,6.0,0.15,400,25.0,30,1.88,15.12,0.15,14.26,
106,[10],35.16,4.06,33.9,0.95,0.48,25.45,6.0,0.15,500,25.0,30,6.33,15.99,0.39,13.14,
107,[10],35.16,4.06,33.9,0.95,0.48,25.45,6.0,0.15,600,25.0,30,15.25,18.22,0.76,10.92,
108,[10],35.16,4.06,33.9,0.95,0.48,25.45,6.0,0.15,700,25.0,30,28.12,20.94,1.38,7.57,
109,[10],35.16,4.06,33.9,0.95,0.48,25.45,6.0,0.15,800,25.0,30,42.36,22.92,3.49,3.36,
110,[11],57.15,5.34,30.39,2.25,0.31,3.17,39.0,0.15,380,23.0,30,2.23,4.65,2.18,3.24,Influence of the blend nickel/porous hydrothermal carbon and cattle manure hydrochar catalyst on the hydrothermal gasification of cattle manure for H2 production
111,[11],57.15,5.34,30.39,2.25,0.31,3.17,39.0,0.15,400,24.5,30,2.71,5.53,2.65,3.86,
112,[11],57.15,5.34,30.39,2.25,0.31,3.17,39.0,0.15,420,25.4,30,3.04,7.37,2.8,3.26,
113,[11],57.15,5.34,30.39,2.25,0.31,3.17,39.0,0.15,440,28.5,30,4.05,8.18,3.11,2.8,
114,[11],57.15,5.34,30.39,2.25,0.31,3.17,39.0,0.15,440,27.8,5,4.03,4.39,4.14,1.37,
115,[11],57.15,5.34,30.39,2.25,0.31,3.17,39.0,0.15,440,28.4,10,4.55,5.67,3.93,1.4,
116,[11],57.15,5.34,30.39,2.25,0.31,3.17,39.0,0.15,440,28.6,15,6.21,5.93,3.66,1.48,
117,[11],57.15,5.34,30.39,2.25,0.31,3.17,39.0,0.15,440,28.3,20,7.62,7.18,3.42,2.1,
118,[11],57.15,5.34,30.39,2.25,0.31,3.17,39.0,0.15,440,28.5,25,6.69,7.87,3.14,2.71,
119,[11],57.15,5.34,30.39,2.25,0.31,3.17,39.0,0.15,440,28.8,35,4.37,8.59,3.01,2.84,
120,[11],57.15,5.34,30.39,2.25,0.31,3.17,39.0,0.15,440,29.0,30,3.27,7.76,2.77,3.01,
121,[11],57.15,5.34,30.39,2.25,0.31,3.17,39.0,0.15,440,29.4,30,1.99,6.9,2.12,3.34,
122,[12],48.12,7.02,39.13,3.73,0.78,1.22,10.0,0.1,420,28.0,60,3.91,4.93,0.2,1.51,Experimental study on the energy conversion of food waste via supercritical water gasification: Improvement of hydrogen production
123,[12],48.12,7.02,39.13,3.73,0.78,1.22,10.0,0.1,460,28.0,60,5.71,6.56,0.17,2.25,
124,[12],48.12,7.02,39.13,3.73,0.78,1.22,10.0,0.1,500,28.0,60,7.08,7.84,0.17,5.47,
125,[12],48.12,7.02,39.13,3.73,0.78,1.22,10.0,0.1,500,28.0,20,5.55,7.41,0.3,4.38,
126,[12],48.12,7.02,39.13,3.73,0.78,1.22,10.0,0.1,500,28.0,40,6.31,7.4,0.27,4.46,
127,[13],32.23,5.18,35.93,3.14,1.42,22.1,100.0,0.01,400,22.2,20,2.0,5.5,1.1,3.2,Hydrothermal gasification performance of Enteromorpha intestinalis as an algal biomass for hydrogen-rich gas production using Ru promoted Fe–Ni/γ-Al2O3 nanocatalysts
128,[13],32.23,5.18,35.93,3.14,1.42,22.1,100.0,0.1,410,22.7,20,3.0,7.7,1.2,3.1,
129,[13],32.23,5.18,35.93,3.14,1.42,22.1,100.0,0.2,420,23.4,20,4.1,8.5,1.2,2.6,
130,[13],32.23,5.18,35.93,3.14,1.42,22.1,100.0,0.3,430,24.1,20,4.2,9.8,1.1,2.6,
131,[13],32.23,5.18,35.93,3.14,1.42,22.1,100.0,0.4,440,25.1,20,4.3,10.1,1.2,2.5,
132,[14],48.7,6.4,42.02,0.8,0.08,2.55,12.0,0.5,300,12.0,60,1.18,8.57,0.9,0.18,Hydrothermal gasification of the isolated hemicellulose and sawdust of the white poplar (Populus alba L.)
133,[14],48.7,6.4,42.02,0.8,0.08,2.55,12.0,0.5,400,24.0,60,3.66,11.09,0.67,1.64,
134,[14],48.7,6.4,42.02,0.8,0.08,2.55,12.0,0.5,500,36.0,60,8.33,12.46,0.47,4.98,
135,[14],48.7,6.4,42.02,0.8,0.08,2.55,12.0,0.5,600,45.0,60,13.59,14.98,0.58,8.6,
136,[14],42.1,5.49,50.05,0.0,0.02,5.5,12.0,0.5,300,11.0,60,1.3,8.13,1.57,0.18,
137,[14],42.1,5.49,50.05,0.0,0.02,5.5,12.0,0.5,400,24.5,60,4.66,11.01,0.82,1.83,
138,[14],42.1,5.49,50.05,0.0,0.02,5.5,12.0,0.5,500,36.5,60,8.29,14.1,0.13,5.35,
139,[14],42.1,5.49,50.05,0.0,0.02,5.5,12.0,0.5,600,46.0,60,13.94,15.28,0.02,10.05,
140,[15],45.59,5.31,42.35,1.53,0.06,4.68,10.0,0.4,600,24.0,60,4.9,5.71,4.49,1.63,High quality syngas production from catalytic steam gasification of biomass with calcium-rich construction waste
141,[15],45.59,5.31,42.35,1.53,0.06,4.68,10.0,0.4,650,24.0,60,8.78,7.35,5.51,2.24,
142,[15],45.59,5.31,42.35,1.53,0.06,4.68,10.0,0.4,700,24.0,60,16.33,8.17,4.49,2.85,
143,[15],45.59,5.31,42.35,1.53,0.06,4.68,10.0,0.4,750,24.0,60,25.51,13.47,4.9,3.47,
144,[15],45.59,5.31,42.35,1.53,0.06,4.68,10.0,0.4,800,24.0,60,33.27,15.31,5.31,3.87,
145,[16],50.8,6.3,39.2,1.02,0.18,2.5,4.0,0.25,300,23.0,30,0.02,2.23,0.31,0.03,"An assessment of pinecone gasification in subcritical, near-critical and supercritical water"
146,[16],50.8,6.3,39.2,1.02,0.18,2.5,4.0,0.5,350,23.0,30,0.06,2.7,0.26,0.09,
147,[16],50.8,6.3,39.2,1.02,0.18,2.5,4.0,0.5,370,23.0,30,0.07,2.86,0.21,0.56,
148,[16],50.8,6.3,39.2,1.02,0.18,2.5,4.0,0.5,450,23.0,30,0.63,2.98,0.2,0.82,
149,[16],50.8,6.3,39.2,1.02,0.18,2.5,4.0,0.5,550,23.0,30,0.8,3.52,0.09,1.55,
150,[16],50.8,6.3,39.2,1.02,0.18,2.5,5.0,0.5,550,23.0,30,1.17,4.13,0.4,0.37,
151,[16],50.8,6.3,39.2,1.02,0.18,2.5,6.0,0.5,550,23.0,30,0.98,3.93,0.52,0.76,
152,[16],50.8,6.3,39.2,1.02,0.18,2.5,10.0,0.5,550,23.0,30,0.85,3.67,0.06,1.02,
153,[16],50.8,6.3,39.2,1.02,0.18,2.5,10.0,0.5,550,23.0,15,0.53,3.98,0.49,0.58,
154,[16],50.8,6.3,39.2,1.02,0.18,2.5,10.0,0.5,550,23.0,45,1.31,4.35,0.24,0.24,
155,[16],50.8,6.3,39.2,1.02,0.18,2.5,10.0,0.5,550,23.0,60,1.41,4.46,0.15,0.07,
156,[17],41.3,6.3,46.5,0.8,0.07,4.03,5.0,0.5,400,24.5,45,0.07,2.16,0.89,0.02,Gasification of fruit wastes and agro-food residues in supercritical water
157,[17],41.3,6.3,46.5,0.8,0.07,4.03,5.0,0.5,500,24.5,45,0.58,2.53,0.64,0.36,
158,[17],41.3,6.3,46.5,0.8,0.07,4.03,5.0,0.5,600,24.5,45,0.93,3.16,0.41,1.04,
159,[17],41.3,6.3,46.5,0.8,0.07,4.03,5.0,0.5,600,24.5,15,0.71,1.54,0.92,0.84,
160,[17],41.3,6.3,46.5,0.8,0.07,4.03,5.0,0.5,600,24.5,30,0.82,1.97,0.6,0.95,
161,[17],41.3,6.3,46.5,0.8,0.07,4.03,10.0,0.5,600,24.5,45,1.65,3.38,0.3,1.43,
162,[18],29.93,2.87,29.6,3.15,2.1,8.02,5.0,0.32,550,25.0,7,1.82,4.93,0.23,1.39,Hydrothermal conversion of Ulva macro algae in supercritical water
163,[18],29.93,2.87,29.6,3.15,2.1,8.02,5.0,0.32,550,25.0,15,2.01,5.61,0.06,2.3,
164,[18],29.93,2.87,29.6,3.15,2.1,8.02,5.0,0.32,550,25.0,25,1.63,5.23,0.04,1.99,
165,[18],29.93,2.87,29.6,3.15,2.1,8.02,5.0,0.32,550,25.0,30,2.06,4.23,0.07,1.91,
166,[18],29.93,2.87,29.6,3.15,2.1,8.02,5.0,0.32,550,25.0,120,1.56,5.46,0.02,3.87,
167,[18],29.93,2.87,29.6,3.15,2.1,8.02,5.0,0.32,400,25.0,7,0.14,2.71,0.18,0.22,
168,[18],29.93,2.87,29.6,3.15,2.1,8.02,5.0,0.32,450,25.0,7,0.49,3.22,0.28,0.55,
169,[18],29.93,2.87,29.6,3.15,2.1,8.02,5.0,0.32,500,25.0,7,1.28,3.97,0.18,1.68,
170,[19],35.21,4.57,37.39,1.35,0.64,20.84,15.0,0.09,500,35.0,30,5.27,11.81,1.05,3.38,A parametric study on supercritical water gasification of Laminaria hyperborea: A carbohydrate-rich macroalga
171,[19],35.21,4.57,37.39,1.35,0.64,20.84,15.0,0.09,500,35.0,60,5.77,10.34,0.42,4.15,
172,[19],35.21,4.57,37.39,1.35,0.64,20.84,15.0,0.09,500,35.0,120,6.12,10.27,0.35,5.06,
173,[20],44.1,6.0,45.1,0.4,0.01,4.4,5.0,1.0,300,22.0,60,0.26,1.02,0.04,0.26,Catalytic gasification of wheat straw in hot compressed (subcritical and supercritical) water for hydrogen production
174,[20],44.1,6.0,45.1,0.4,0.01,4.4,5.0,1.0,370,22.0,60,0.67,2.7,0.2,0.57,
175,[20],44.1,6.0,45.1,0.4,0.01,4.4,5.0,1.0,450,22.0,60,1.23,3.89,0.31,0.82,
176,[20],44.1,6.0,45.1,0.4,0.01,4.4,5.0,1.0,550,22.0,60,3.0,5.35,0.26,1.42,
177,[20],44.1,6.0,45.1,0.4,0.01,4.4,3.0,1.0,550,23.0,60,2.04,4.29,0.52,1.86,
178,[20],44.1,6.0,45.1,0.4,0.01,4.4,2.3,1.0,550,23.0,60,1.56,3.22,0.63,2.05,
179,[20],44.1,6.0,45.1,0.4,0.01,4.4,1.8,1.0,550,23.0,60,1.13,2.39,0.85,2.29,
180,[20],44.1,6.0,45.1,0.4,0.01,4.4,5.0,1.0,550,23.0,40,1.73,2.51,0.66,0.42,
181,[20],44.1,6.0,45.1,0.4,0.01,4.4,5.0,1.0,550,23.0,50,2.12,4.48,0.36,1.15,
182,[20],44.1,6.0,45.1,0.4,0.01,4.4,5.0,1.0,550,23.0,70,2.06,7.52,0.01,2.49,
183,[21],38.18,3.4,23.74,4.68,1.05,28.96,10.0,0.32,550,25.0,20,4.08,6.8,0.91,3.04,Hydrogen production by sewage sludge gasification in supercritical water with high heating rate batch reactor
184,[21],38.18,3.4,23.74,4.68,1.05,28.96,10.0,0.32,600,25.0,20,6.54,6.73,1.23,3.88,
185,[21],38.18,3.4,23.74,4.68,1.05,28.96,10.0,0.32,650,25.0,20,8.22,7.77,1.42,4.14,
186,[21],38.18,3.4,23.74,4.68,1.05,28.96,10.0,0.32,700,25.0,20,11.59,8.35,2.01,3.88,
187,[21],38.18,3.4,23.74,4.68,1.05,28.96,10.0,0.32,750,25.0,20,18.89,12.23,2.46,4.72,
188,[21],38.18,3.4,23.74,4.68,1.05,28.96,10.0,0.32,750,22.5,20,18.45,12.99,2.16,4.41,
189,[21],38.18,3.4,23.74,4.68,1.05,28.96,10.0,0.32,750,24.0,20,18.5,12.64,2.13,4.3,
190,[21],38.18,3.4,23.74,4.68,1.05,28.96,10.0,0.32,750,25.5,20,18.95,12.54,2.19,4.67,
191,[21],38.18,3.4,23.74,4.68,1.05,28.96,10.0,0.32,750,27.0,20,18.45,12.27,2.24,4.65,
192,[21],38.18,3.4,23.74,4.68,1.05,28.96,10.0,0.32,750,25.0,3,8.92,7.05,1.27,3.56,
193,[21],38.18,3.4,23.74,4.68,1.05,28.96,10.0,0.32,750,25.0,10,15.73,10.61,1.69,4.76,
194,[21],38.18,3.4,23.74,4.68,1.05,28.96,10.0,0.32,750,25.0,30,20.73,13.08,1.87,4.7,
195,[22],39.99,6.89,53.12,0.0,0.0,0.0,3.0,0.01,400,25.0,30,0.52,1.84,0.0,0.04,Catalytic gasification of glucose to H2 in supercritical water
196,[22],39.99,6.89,53.12,0.0,0.0,0.0,3.0,0.01,500,25.0,30,0.58,2.21,0.47,0.52,
197,[22],39.99,6.89,53.12,0.0,0.0,0.0,7.0,0.01,400,25.0,30,0.73,1.87,0.0,0.07,
198,[22],39.99,6.89,53.12,0.0,0.0,0.0,7.0,0.01,500,25.0,30,0.77,2.23,0.52,0.57,
199,[23],36.1,5.3,45.54,1.3,0.56,11.2,20.0,0.2,500,30.8,60,3.65,11.15,0.04,4.02,Biomass gasification in supercritical water: II. Effect of catalyst
200,[23],42.9,6.4,47.71,0.6,0.29,2.1,20.0,0.2,500,30.8,60,2.09,6.36,0.25,2.04,
201,[23],46.2,5.5,36.31,6.6,1.29,4.1,20.0,0.2,500,30.8,60,2.66,5.93,0.06,2.39,
202,[24],47.2,7.1,42.2,0.1,0.02,3.38,5.0,0.5,300,23.5,45,0.17,1.0,0.06,0.21,Subcritical and supercritical water gasification of lignocellulosic biomass impregnated with nickel nanocatalyst for hydrogen production
203,[24],47.2,7.1,42.2,0.1,0.02,3.38,5.0,0.5,400,23.5,45,0.43,1.98,0.16,0.49,
204,[24],47.2,7.1,42.2,0.1,0.02,3.38,5.0,0.5,500,23.5,45,0.78,2.53,0.22,0.72,
205,[24],47.2,7.1,42.2,0.1,0.02,3.38,10.0,0.5,300,23.5,45,0.23,1.09,0.1,0.25,
206,[24],47.2,7.1,42.2,0.1,0.02,3.38,10.0,0.5,400,23.5,45,0.71,2.15,0.21,0.58,
207,[24],47.2,7.1,42.2,0.1,0.02,3.38,10.0,0.5,500,23.5,45,1.13,3.09,0.41,1.05,
208,[24],43.1,6.6,46.7,0.5,0.01,3.19,5.0,0.5,300,23.5,45,0.29,1.23,0.11,0.26,
209,[24],43.1,6.6,46.7,0.5,0.01,3.19,5.0,0.5,400,23.5,45,0.76,2.39,0.22,0.61,
210,[24],43.1,6.6,46.7,0.5,0.01,3.19,5.0,0.5,500,23.5,45,1.65,3.2,0.32,0.95,
211,[25],47.19,5.77,46.59,0.21,0.24,0.09,10.0,0.32,450,27.0,60,4.86,10.93,0.05,6.27,Supercritical water gasification of Eucalyptus grandis and related pyrolysis char: Effect of feedstock composition
212,[25],54.62,5.37,39.77,0.24,0.24,0.22,10.0,0.32,450,27.0,60,4.95,12.39,0.01,5.95,
213,[25],56.06,5.37,38.8,0.26,0.24,0.57,10.0,0.32,450,27.0,60,4.9,15.83,0.05,5.18,
214,[25],74.48,4.88,22.16,0.17,0.24,1.52,10.0,0.32,450,27.0,60,4.95,15.43,0.07,6.72,
215,[26],45.0,2.2,25.2,1.9,0.1,25.6,4.0,0.01,325,24.0,30,0.02,0.12000000000000001,0.0,0.02,Subcritical and supercritical water gasification of humic acid as a model compound of humic substances in sewage sludge
216,[26],45.0,2.2,25.2,1.9,0.1,25.6,4.0,0.01,350,24.0,30,0.03,0.25,0.0,0.03,
217,[26],45.0,2.2,25.2,1.9,0.1,25.6,4.0,0.01,375,24.0,30,0.05,0.31,0.0,0.020000000000000004,
218,[26],45.0,2.2,25.2,1.9,0.1,25.6,4.0,0.01,400,24.0,30,0.09,0.38000000000000006,0.0,0.06,
219,[26],45.0,2.2,25.2,1.9,0.1,25.6,4.0,0.01,500,24.0,30,0.26,0.41999999999999993,0.0,0.18,
220,[26],45.0,2.2,25.2,1.9,0.1,25.6,4.0,0.01,600,24.0,30,0.43,0.48,0.0,0.030000000000000027,
221,[27],47.99,7.01,40.24,3.97,0.8,0.01,10.0,0.1,300,10.5,30,0.116948,1.465399,0.091598,0.016055,Evaluation of catalytic subcritical water gasification of food waste for hydrogen production: Effect of process conditions and different types of catalyst loading
222,[27],47.99,7.01,40.24,3.97,0.8,0.01,10.0,0.1,300,10.5,60,0.15796000000000002,1.9300600000000003,0.08426,0.02772,
223,[27],47.99,7.01,40.24,3.97,0.8,0.01,10.0,0.1,300,10.5,90,0.199124,2.3503600000000002,0.095944,0.034572000000000006,
224,[27],47.99,7.01,40.24,3.97,0.8,0.01,10.0,0.1,330,16.0,30,0.13226800000000002,1.48178,0.076884,0.029067999999999997,
225,[27],47.99,7.01,40.24,3.97,0.8,0.01,10.0,0.1,330,16.0,60,0.246463,2.1593139999999997,0.10742599999999998,0.05654,
226,[27],47.99,7.01,40.24,3.97,0.8,0.01,10.0,0.1,330,16.0,90,0.299265,2.3497220000000003,0.108185,0.05282799999999999,
227,[27],47.99,7.01,40.24,3.97,0.8,0.01,10.0,0.1,360,20.0,30,0.811325,2.5430640000000007,0.198628,0.35659199999999996,
228,[27],47.99,7.01,40.24,3.97,0.8,0.01,10.0,0.1,360,20.0,60,0.954856,2.665089,0.108619,0.401436,
229,[27],47.99,7.01,40.24,3.97,0.8,0.01,10.0,0.1,360,20.0,90,1.1073160000000002,2.7618288000000004,0.13056080000000003,0.45674000000000003,
230,[27],47.99,7.01,40.24,3.97,0.8,0.01,6.0,0.1,360,20.0,90,0.96,3.16,0.13,0.47,
231,[27],47.99,7.01,40.24,3.97,0.8,0.01,5.0,0.1,360,20.0,90,0.8,2.71,0.09,0.54,
232,[27],47.99,7.01,40.24,3.97,0.8,0.01,4.0,0.1,360,20.0,90,0.68,2.67,0.1,0.59,
233,[27],47.99,7.01,40.24,3.97,0.8,0.01,3.0,0.1,360,20.0,90,0.54,2.51,0.1,0.65,
234,[28],42.6,6.6,58.8,0.0,0.0,0.1,4.0,0.05,400,16.5,30,0.5,1.52,0.0,0.04,Catalytic gasification of cellulose and pinewood to H2 in supercritical water
235,[28],42.6,6.6,58.8,0.0,0.0,0.1,4.0,0.05,470,16.5,30,0.72,1.83,0.0,0.09,
236,[28],42.6,6.6,58.8,0.0,0.0,0.1,4.0,0.05,500,16.5,30,0.95,2.26,0.0,0.78,
237,[28],42.6,6.6,58.8,0.0,0.0,0.1,7.0,0.05,400,16.5,30,0.72,2.19,0.0,0.06,
238,[28],42.6,6.6,58.8,0.0,0.0,0.1,7.0,0.05,470,16.5,30,0.8,2.53,0.0,0.33,
239,[28],42.6,6.6,58.8,0.0,0.0,0.1,7.0,0.05,500,16.5,30,1.16,2.88,0.0,0.82,
240,[28],48.1,6.4,45.2,0.1,0.2,0.1,7.0,0.05,550,16.5,30,0.83,3.49,0.1,1.21,
